bgmSound: 0.3203778
sfxSound: 0.8469784
resolutionSize: 0
